$ANSIBLE_VAULT;1.1;AES256
34323533646465383738323830633938303363663565386432636664346336353465666635373133
3737636139393332336365393836663536353761626237340a313837303863363631623864346662
65343035323865343839316163656537353364356636656463343562353462373263613366313738
3130613164306664650a623934666331353561343437333136643438376539666566623735393062
65353766373831613366616261313638353165613334653966343333636234616637326636306563
36633132353237383665663438393662666633323632616638363566663731373861376432373739
64326138336162643033356566346339333062373062386164396164336634343664353461323239
34633036366166303432663464613331373235376436316461626566316463613561333863303333
32646263336462636138313166383961346434656239386662393839303138363433633939393433
34376138636333313432626136386163366365343936356563306266306238313336376436316666
33623166303135613532633134313662633037643232343734326435323238336364623865346237
36333338336230326335633138626266373631353965353335386330653434393437313035323937
63613235666334396331356361336139373132366138386266653031363535633634636439373030
30356438613233313035333438616561623763303031326637383366393366346262383733643261
32616137643163623561643933326631323831353036313964383466386533303436343831663530
32663961313838633337653232636333336338383364393263346162623136326461626633316264
33393634626339353365623339313539646461373561616363646432393364313331646261363038
36343466376431373765623566613561313733326264313164626137393037623037303364376365
39663766643334303362373732393133613530653765336538623066616161393432626364666361
30363166636264663661656564653662633537333363383433366663306534363838396461653536
63663239306532383762646666343832383563363732333531343232633836613363376561386662
33316561343930316235306662666262393661626665356531366536653433643966633831313164
30386264373464343564653237343234633437373231616264313533333365336635333763383934
64393530366564343930313362633762666630383066323638643163336439363934353435663338
35393133626630626237326538306262363464633765383830376235343866663533636530333632
63366362376261336633626364383264303163646566303030646165303665653736646330343630
65656535663736353931633438373936346233633130633332643832666633343963346331333235
62386530313664663037353836616532613134323765666131363237353934656336386535643736
62353661373262363531623662366235393863306564616538636332623639303930313164616238
32653430383630373134306436636231613764336639626235646564343361666432393935636331
65323131303138396536356536366565636563663461636430623533656633373637303238303039
39383563343935616537326561373134383139356539336130373564376634653964303337353735
36386133343266623861616637303038366531363962316666333363626334386463303337383138
38656633306261353161366233303866613033303966376265666236393033326263656361623739
30346135306134346438656565636131393037336666326465393964316630643566363564636232
31626439306266356134633430366665343061346136393139616634666330326466643733613166
37323265643963646164653763626430323465316538356338663836663634333338653137396461
39333231303966636163383930306636333231663838363039343132373931613461376532356561
30666632373133373632636633663539623561636665376630353232623363306435326163633565
65386235323436356233666630333864376636363364336538306665633961326639633734356639
38383533323233373361323831326166363039346439353737663863393139353261313135333964
36646630613764623334353764633861356663343565386233313466333962383933346435356432
37323563626663626233323933633831393261653461353730373366666266303631623866653664
37613662386463356230306132613937336630623863303961633966396538313661393339623130
35366136383339326362336339643161626663376161643732333937323732613431653337323866
66396338393637636130323038663539316566346461346534336435333763333133316434666366
30646166333366636531653066353438373230333464633633303039356631353565333938303965
32363366383735663365646434353963376262633032613764393565333830653361343339636664
32613233623064643864363839343836643639393836306333626461356139653831383838386631
3162313236363461663032656639393938653861306337346466
